{
  "cells": [
    {
      "cell_type": "markdown",
      "metadata": {
        "id": "t-bL7gW32JnO"
      },
      "source": [
        "# **FGV EESP**\n",
        "\n",
        "- ## PCA - Expectativa de Inflação\n",
        "---\n",
        "\n"
      ]
    },
    {
      "cell_type": "markdown",
      "metadata": {
        "id": "S60DDHrr2L7c"
      },
      "source": [
        "### **Bibliotecas**"
      ]
    },
    {
      "cell_type": "code",
      "execution_count": null,
      "metadata": {
        "id": "QJMA7EpnMPN-"
      },
      "outputs": [],
      "source": [
        "install.packages(\"broom\")\n",
        "install.packages(\"factoextra\")\n",
        "install.packages(\"MASS\")\n",
        "install.packages(\"stargazer\")\n",
        "install.packages(\"urca\")"
      ]
    },
    {
      "cell_type": "code",
      "execution_count": null,
      "metadata": {
        "id": "L3QR8sqJ2NU-"
      },
      "outputs": [],
      "source": [
        "library(broom)\n",
        "library(dplyr)\n",
        "library(factoextra)\n",
        "library(ggplot2)\n",
        "library(httr)\n",
        "library(lubridate)\n",
        "library(MASS)\n",
        "library(readxl)\n",
        "library(stargazer)\n",
        "library(tidyverse)\n",
        "library(urca)"
      ]
    },
    {
      "cell_type": "markdown",
      "metadata": {
        "id": "QuUqHoAT3Lge"
      },
      "source": [
        "### **Dados**"
      ]
    },
    {
      "cell_type": "code",
      "execution_count": 125,
      "metadata": {
        "id": "VsNx34sIeRM6"
      },
      "outputs": [],
      "source": [
        "# Caminho do arquivo original\n",
        "file_path <- \"https://github.com/matheusrmorgado/inflation-expectation/raw/main/data/public_data.xlsx\"\n",
        "\n",
        "# Download do arquivo\n",
        "download.file(file_path, \"public_data.xlsx\")\n",
        "\n",
        "# Ler o arquivo Excel e converter em dataframe\n",
        "df_public_data <- as.data.frame(read_excel(\"public_data.xlsx\"))\n",
        "\n",
        "# Converter year e month_name\n",
        "df_public_data <- df_public_data %>%\n",
        "  mutate(year = as.numeric(year),  # Converter year para numérico\n",
        "         month_name = factor(month_name, levels = month.abb, ordered = TRUE))  # Converter month_name para um fator ordenado\n",
        "\n",
        "# Converter month_date\n",
        "df_public_data$month_date <- ymd(df_public_data$month_date)  # Converter month_date para formato Date\n",
        "\n",
        "# Unifica as 2 tabelas de dados\n",
        "df_public_data <- cbind(df_public_data, df_codace)\n",
        "\n",
        "# Lista de variáveis para transformar em séries temporais\n",
        "vars_to_convert <- c(\"month\", \"market_inflation_expectation\", \"consumer_inflation_expectation\", \"codace_recession\", \"consumer_confidence_index\", \"inflation_target\", \"inflation_target_lower_bound\", \"inflation_target_upper_bound\", \"inflation_target_wtd_avg\", \"inflation_target_lower_bound_wtd_avg\", \"inflation_target_upper_bound_wtd_avg\", \"ipca\", \"selic\", \"selic_deflated\", \"real_household_income\", \"real_household_income_trend\", \"real_household_income_gap\", \"real_exchange_rate\", \"real_exchange_rate_trend\", \"real_exchange_rate_gap\", \"gdp\", \"primary_fiscal_result\", \"primary_fiscal_result_to_gdp\", \"ipca_lag\", \"selic_deflated_lag\", \"primary_fiscal_result_to_gdp_lag\", \"real_exchange_rate_gap_lag\", \"real_household_income_gap_lag\", \"consumer_confidence_index_lag\", \"search_term_ipca\", \"search_term_selic\", \"search_term_inflation\")\n",
        "\n",
        "# Loop para transformar as variáveis em séries temporais\n",
        "for (var in vars_to_convert) {\n",
        "  df_public_data[[var]] <- ts(df_public_data[[var]], start = c(2006, 1), frequency = 12)\n",
        "}"
      ]
    },
    {
      "cell_type": "markdown",
      "source": [
        "### **Modelo PCA**"
      ],
      "metadata": {
        "id": "5SIO8Ax_2idr"
      }
    },
    {
      "cell_type": "code",
      "source": [
        "# Selecionar variáveis do modelo PCA\n",
        "pca_model_variables <- df_public_data[, c(\"month\", \"consumer_inflation_expectation\", \"market_inflation_expectation\", \"ipca_lag\", \"inflation_target_wtd_avg\", \"primary_fiscal_result_to_gdp_lag\", \"selic_deflated_lag\", \"real_exchange_rate_gap_lag\", \"real_household_income_gap_lag\")]"
      ],
      "metadata": {
        "id": "Q21bE3i12cP5"
      },
      "execution_count": 369,
      "outputs": []
    },
    {
      "cell_type": "code",
      "source": [
        "cor(pca_model_variables[ , 4:9])"
      ],
      "metadata": {
        "colab": {
          "base_uri": "https://localhost:8080/",
          "height": 275
        },
        "id": "53F8UVO02zY5",
        "outputId": "0d7e0532-0260-4e71-b038-9c003aba8518"
      },
      "execution_count": 372,
      "outputs": [
        {
          "output_type": "display_data",
          "data": {
            "text/html": [
              "<table class=\"dataframe\">\n",
              "<caption>A matrix: 6 × 6 of type dbl</caption>\n",
              "<thead>\n",
              "\t<tr><th></th><th scope=col>ipca_lag</th><th scope=col>inflation_target_wtd_avg</th><th scope=col>primary_fiscal_result_to_gdp_lag</th><th scope=col>selic_deflated_lag</th><th scope=col>real_exchange_rate_gap_lag</th><th scope=col>real_household_income_gap_lag</th></tr>\n",
              "</thead>\n",
              "<tbody>\n",
              "\t<tr><th scope=row>ipca_lag</th><td> 1.0000000</td><td>-0.16866269</td><td>-0.182578051</td><td>-0.31766964</td><td> 0.276386154</td><td>-0.39760885</td></tr>\n",
              "\t<tr><th scope=row>inflation_target_wtd_avg</th><td>-0.1686627</td><td> 1.00000000</td><td>-0.762284217</td><td> 0.33187202</td><td>-0.052547266</td><td> 0.00171797</td></tr>\n",
              "\t<tr><th scope=row>primary_fiscal_result_to_gdp_lag</th><td>-0.1825781</td><td>-0.76228422</td><td> 1.000000000</td><td>-0.31027736</td><td> 0.005872059</td><td>-0.15773186</td></tr>\n",
              "\t<tr><th scope=row>selic_deflated_lag</th><td>-0.3176696</td><td> 0.33187202</td><td>-0.310277364</td><td> 1.00000000</td><td>-0.273207703</td><td> 0.06736961</td></tr>\n",
              "\t<tr><th scope=row>real_exchange_rate_gap_lag</th><td> 0.2763862</td><td>-0.05254727</td><td> 0.005872059</td><td>-0.27320770</td><td> 1.000000000</td><td> 0.13660179</td></tr>\n",
              "\t<tr><th scope=row>real_household_income_gap_lag</th><td>-0.3976088</td><td> 0.00171797</td><td>-0.157731855</td><td> 0.06736961</td><td> 0.136601786</td><td> 1.00000000</td></tr>\n",
              "</tbody>\n",
              "</table>\n"
            ],
            "text/markdown": "\nA matrix: 6 × 6 of type dbl\n\n| <!--/--> | ipca_lag | inflation_target_wtd_avg | primary_fiscal_result_to_gdp_lag | selic_deflated_lag | real_exchange_rate_gap_lag | real_household_income_gap_lag |\n|---|---|---|---|---|---|---|\n| ipca_lag |  1.0000000 | -0.16866269 | -0.182578051 | -0.31766964 |  0.276386154 | -0.39760885 |\n| inflation_target_wtd_avg | -0.1686627 |  1.00000000 | -0.762284217 |  0.33187202 | -0.052547266 |  0.00171797 |\n| primary_fiscal_result_to_gdp_lag | -0.1825781 | -0.76228422 |  1.000000000 | -0.31027736 |  0.005872059 | -0.15773186 |\n| selic_deflated_lag | -0.3176696 |  0.33187202 | -0.310277364 |  1.00000000 | -0.273207703 |  0.06736961 |\n| real_exchange_rate_gap_lag |  0.2763862 | -0.05254727 |  0.005872059 | -0.27320770 |  1.000000000 |  0.13660179 |\n| real_household_income_gap_lag | -0.3976088 |  0.00171797 | -0.157731855 |  0.06736961 |  0.136601786 |  1.00000000 |\n\n",
            "text/latex": "A matrix: 6 × 6 of type dbl\n\\begin{tabular}{r|llllll}\n  & ipca\\_lag & inflation\\_target\\_wtd\\_avg & primary\\_fiscal\\_result\\_to\\_gdp\\_lag & selic\\_deflated\\_lag & real\\_exchange\\_rate\\_gap\\_lag & real\\_household\\_income\\_gap\\_lag\\\\\n\\hline\n\tipca\\_lag &  1.0000000 & -0.16866269 & -0.182578051 & -0.31766964 &  0.276386154 & -0.39760885\\\\\n\tinflation\\_target\\_wtd\\_avg & -0.1686627 &  1.00000000 & -0.762284217 &  0.33187202 & -0.052547266 &  0.00171797\\\\\n\tprimary\\_fiscal\\_result\\_to\\_gdp\\_lag & -0.1825781 & -0.76228422 &  1.000000000 & -0.31027736 &  0.005872059 & -0.15773186\\\\\n\tselic\\_deflated\\_lag & -0.3176696 &  0.33187202 & -0.310277364 &  1.00000000 & -0.273207703 &  0.06736961\\\\\n\treal\\_exchange\\_rate\\_gap\\_lag &  0.2763862 & -0.05254727 &  0.005872059 & -0.27320770 &  1.000000000 &  0.13660179\\\\\n\treal\\_household\\_income\\_gap\\_lag & -0.3976088 &  0.00171797 & -0.157731855 &  0.06736961 &  0.136601786 &  1.00000000\\\\\n\\end{tabular}\n",
            "text/plain": [
              "                                 ipca_lag   inflation_target_wtd_avg\n",
              "ipca_lag                          1.0000000 -0.16866269             \n",
              "inflation_target_wtd_avg         -0.1686627  1.00000000             \n",
              "primary_fiscal_result_to_gdp_lag -0.1825781 -0.76228422             \n",
              "selic_deflated_lag               -0.3176696  0.33187202             \n",
              "real_exchange_rate_gap_lag        0.2763862 -0.05254727             \n",
              "real_household_income_gap_lag    -0.3976088  0.00171797             \n",
              "                                 primary_fiscal_result_to_gdp_lag\n",
              "ipca_lag                         -0.182578051                    \n",
              "inflation_target_wtd_avg         -0.762284217                    \n",
              "primary_fiscal_result_to_gdp_lag  1.000000000                    \n",
              "selic_deflated_lag               -0.310277364                    \n",
              "real_exchange_rate_gap_lag        0.005872059                    \n",
              "real_household_income_gap_lag    -0.157731855                    \n",
              "                                 selic_deflated_lag real_exchange_rate_gap_lag\n",
              "ipca_lag                         -0.31766964         0.276386154              \n",
              "inflation_target_wtd_avg          0.33187202        -0.052547266              \n",
              "primary_fiscal_result_to_gdp_lag -0.31027736         0.005872059              \n",
              "selic_deflated_lag                1.00000000        -0.273207703              \n",
              "real_exchange_rate_gap_lag       -0.27320770         1.000000000              \n",
              "real_household_income_gap_lag     0.06736961         0.136601786              \n",
              "                                 real_household_income_gap_lag\n",
              "ipca_lag                         -0.39760885                  \n",
              "inflation_target_wtd_avg          0.00171797                  \n",
              "primary_fiscal_result_to_gdp_lag -0.15773186                  \n",
              "selic_deflated_lag                0.06736961                  \n",
              "real_exchange_rate_gap_lag        0.13660179                  \n",
              "real_household_income_gap_lag     1.00000000                  "
            ]
          },
          "metadata": {}
        }
      ]
    },
    {
      "cell_type": "code",
      "source": [
        "pca_model <- prcomp(pca_model_variables[ , 4:9], scale = TRUE)"
      ],
      "metadata": {
        "id": "neME4HVx7Gkk"
      },
      "execution_count": 401,
      "outputs": []
    },
    {
      "cell_type": "code",
      "source": [
        "pca_model$rotation"
      ],
      "metadata": {
        "colab": {
          "base_uri": "https://localhost:8080/",
          "height": 255
        },
        "id": "od5KUopK8cwz",
        "outputId": "9bf6f735-6c56-42de-cac7-a74c8bcdbcab"
      },
      "execution_count": 402,
      "outputs": [
        {
          "output_type": "display_data",
          "data": {
            "text/html": [
              "<table class=\"dataframe\">\n",
              "<caption>A matrix: 6 × 6 of type dbl</caption>\n",
              "<thead>\n",
              "\t<tr><th></th><th scope=col>PC1</th><th scope=col>PC2</th><th scope=col>PC3</th><th scope=col>PC4</th><th scope=col>PC5</th><th scope=col>PC6</th></tr>\n",
              "</thead>\n",
              "<tbody>\n",
              "\t<tr><th scope=row>ipca_lag</th><td>-0.2612606</td><td> 0.6665167</td><td> 0.135015832</td><td>-0.04697545</td><td>-0.5347130</td><td> 0.4256106</td></tr>\n",
              "\t<tr><th scope=row>inflation_target_wtd_avg</th><td> 0.5839157</td><td> 0.2810567</td><td>-0.005291826</td><td> 0.17934470</td><td> 0.4897115</td><td> 0.5550133</td></tr>\n",
              "\t<tr><th scope=row>primary_fiscal_result_to_gdp_lag</th><td>-0.5386585</td><td>-0.4447117</td><td> 0.109805306</td><td>-0.19378495</td><td> 0.2553077</td><td> 0.6303068</td></tr>\n",
              "\t<tr><th scope=row>selic_deflated_lag</th><td> 0.4776098</td><td>-0.2065145</td><td> 0.222396120</td><td>-0.76673815</td><td>-0.2849566</td><td> 0.1034070</td></tr>\n",
              "\t<tr><th scope=row>real_exchange_rate_gap_lag</th><td>-0.1980531</td><td> 0.3641492</td><td>-0.625851318</td><td>-0.54850010</td><td> 0.3502517</td><td>-0.1138061</td></tr>\n",
              "\t<tr><th scope=row>real_household_income_gap_lag</th><td> 0.1824727</td><td>-0.3220888</td><td>-0.727004546</td><td> 0.19833413</td><td>-0.4529968</td><td> 0.2998072</td></tr>\n",
              "</tbody>\n",
              "</table>\n"
            ],
            "text/markdown": "\nA matrix: 6 × 6 of type dbl\n\n| <!--/--> | PC1 | PC2 | PC3 | PC4 | PC5 | PC6 |\n|---|---|---|---|---|---|---|\n| ipca_lag | -0.2612606 |  0.6665167 |  0.135015832 | -0.04697545 | -0.5347130 |  0.4256106 |\n| inflation_target_wtd_avg |  0.5839157 |  0.2810567 | -0.005291826 |  0.17934470 |  0.4897115 |  0.5550133 |\n| primary_fiscal_result_to_gdp_lag | -0.5386585 | -0.4447117 |  0.109805306 | -0.19378495 |  0.2553077 |  0.6303068 |\n| selic_deflated_lag |  0.4776098 | -0.2065145 |  0.222396120 | -0.76673815 | -0.2849566 |  0.1034070 |\n| real_exchange_rate_gap_lag | -0.1980531 |  0.3641492 | -0.625851318 | -0.54850010 |  0.3502517 | -0.1138061 |\n| real_household_income_gap_lag |  0.1824727 | -0.3220888 | -0.727004546 |  0.19833413 | -0.4529968 |  0.2998072 |\n\n",
            "text/latex": "A matrix: 6 × 6 of type dbl\n\\begin{tabular}{r|llllll}\n  & PC1 & PC2 & PC3 & PC4 & PC5 & PC6\\\\\n\\hline\n\tipca\\_lag & -0.2612606 &  0.6665167 &  0.135015832 & -0.04697545 & -0.5347130 &  0.4256106\\\\\n\tinflation\\_target\\_wtd\\_avg &  0.5839157 &  0.2810567 & -0.005291826 &  0.17934470 &  0.4897115 &  0.5550133\\\\\n\tprimary\\_fiscal\\_result\\_to\\_gdp\\_lag & -0.5386585 & -0.4447117 &  0.109805306 & -0.19378495 &  0.2553077 &  0.6303068\\\\\n\tselic\\_deflated\\_lag &  0.4776098 & -0.2065145 &  0.222396120 & -0.76673815 & -0.2849566 &  0.1034070\\\\\n\treal\\_exchange\\_rate\\_gap\\_lag & -0.1980531 &  0.3641492 & -0.625851318 & -0.54850010 &  0.3502517 & -0.1138061\\\\\n\treal\\_household\\_income\\_gap\\_lag &  0.1824727 & -0.3220888 & -0.727004546 &  0.19833413 & -0.4529968 &  0.2998072\\\\\n\\end{tabular}\n",
            "text/plain": [
              "                                 PC1        PC2        PC3          PC4        \n",
              "ipca_lag                         -0.2612606  0.6665167  0.135015832 -0.04697545\n",
              "inflation_target_wtd_avg          0.5839157  0.2810567 -0.005291826  0.17934470\n",
              "primary_fiscal_result_to_gdp_lag -0.5386585 -0.4447117  0.109805306 -0.19378495\n",
              "selic_deflated_lag                0.4776098 -0.2065145  0.222396120 -0.76673815\n",
              "real_exchange_rate_gap_lag       -0.1980531  0.3641492 -0.625851318 -0.54850010\n",
              "real_household_income_gap_lag     0.1824727 -0.3220888 -0.727004546  0.19833413\n",
              "                                 PC5        PC6       \n",
              "ipca_lag                         -0.5347130  0.4256106\n",
              "inflation_target_wtd_avg          0.4897115  0.5550133\n",
              "primary_fiscal_result_to_gdp_lag  0.2553077  0.6303068\n",
              "selic_deflated_lag               -0.2849566  0.1034070\n",
              "real_exchange_rate_gap_lag        0.3502517 -0.1138061\n",
              "real_household_income_gap_lag    -0.4529968  0.2998072"
            ]
          },
          "metadata": {}
        }
      ]
    },
    {
      "cell_type": "code",
      "source": [
        "summary(pca_model)"
      ],
      "metadata": {
        "colab": {
          "base_uri": "https://localhost:8080/",
          "height": 104
        },
        "id": "SQKF_ThW7NW1",
        "outputId": "7343c2da-bfe9-45ac-e3d7-c800b0b48987"
      },
      "execution_count": 403,
      "outputs": [
        {
          "output_type": "display_data",
          "data": {
            "text/plain": [
              "Importance of components:\n",
              "                          PC1    PC2    PC3    PC4     PC5     PC6\n",
              "Standard deviation     1.4382 1.2216 1.0930 0.7821 0.74462 0.28018\n",
              "Proportion of Variance 0.3448 0.2487 0.1991 0.1019 0.09241 0.01308\n",
              "Cumulative Proportion  0.3448 0.5935 0.7926 0.8945 0.98692 1.00000"
            ]
          },
          "metadata": {}
        }
      ]
    },
    {
      "cell_type": "code",
      "source": [
        "cor(pca_model$x)"
      ],
      "metadata": {
        "colab": {
          "base_uri": "https://localhost:8080/",
          "height": 255
        },
        "id": "cvo1z20AMGWg",
        "outputId": "a0a22e4c-ba22-497c-a142-17ded85118b1"
      },
      "execution_count": 404,
      "outputs": [
        {
          "output_type": "display_data",
          "data": {
            "text/html": [
              "<table class=\"dataframe\">\n",
              "<caption>A matrix: 6 × 6 of type dbl</caption>\n",
              "<thead>\n",
              "\t<tr><th></th><th scope=col>PC1</th><th scope=col>PC2</th><th scope=col>PC3</th><th scope=col>PC4</th><th scope=col>PC5</th><th scope=col>PC6</th></tr>\n",
              "</thead>\n",
              "<tbody>\n",
              "\t<tr><th scope=row>PC1</th><td> 1.000000e+00</td><td>-3.921023e-16</td><td>1.901509e-16</td><td>-2.036930e-16</td><td> 3.431385e-16</td><td> 2.208868e-16</td></tr>\n",
              "\t<tr><th scope=row>PC2</th><td>-3.921023e-16</td><td> 1.000000e+00</td><td>7.417733e-17</td><td>-5.944091e-17</td><td> 1.059240e-18</td><td> 3.006298e-16</td></tr>\n",
              "\t<tr><th scope=row>PC3</th><td> 1.901509e-16</td><td> 7.417733e-17</td><td>1.000000e+00</td><td> 2.761335e-16</td><td> 3.968981e-16</td><td> 7.311325e-16</td></tr>\n",
              "\t<tr><th scope=row>PC4</th><td>-2.036930e-16</td><td>-5.944091e-17</td><td>2.761335e-16</td><td> 1.000000e+00</td><td>-1.185126e-15</td><td>-4.115522e-16</td></tr>\n",
              "\t<tr><th scope=row>PC5</th><td> 3.431385e-16</td><td> 1.059240e-18</td><td>3.968981e-16</td><td>-1.185126e-15</td><td> 1.000000e+00</td><td>-9.905680e-16</td></tr>\n",
              "\t<tr><th scope=row>PC6</th><td> 2.208868e-16</td><td> 3.006298e-16</td><td>7.311325e-16</td><td>-4.115522e-16</td><td>-9.905680e-16</td><td> 1.000000e+00</td></tr>\n",
              "</tbody>\n",
              "</table>\n"
            ],
            "text/markdown": "\nA matrix: 6 × 6 of type dbl\n\n| <!--/--> | PC1 | PC2 | PC3 | PC4 | PC5 | PC6 |\n|---|---|---|---|---|---|---|\n| PC1 |  1.000000e+00 | -3.921023e-16 | 1.901509e-16 | -2.036930e-16 |  3.431385e-16 |  2.208868e-16 |\n| PC2 | -3.921023e-16 |  1.000000e+00 | 7.417733e-17 | -5.944091e-17 |  1.059240e-18 |  3.006298e-16 |\n| PC3 |  1.901509e-16 |  7.417733e-17 | 1.000000e+00 |  2.761335e-16 |  3.968981e-16 |  7.311325e-16 |\n| PC4 | -2.036930e-16 | -5.944091e-17 | 2.761335e-16 |  1.000000e+00 | -1.185126e-15 | -4.115522e-16 |\n| PC5 |  3.431385e-16 |  1.059240e-18 | 3.968981e-16 | -1.185126e-15 |  1.000000e+00 | -9.905680e-16 |\n| PC6 |  2.208868e-16 |  3.006298e-16 | 7.311325e-16 | -4.115522e-16 | -9.905680e-16 |  1.000000e+00 |\n\n",
            "text/latex": "A matrix: 6 × 6 of type dbl\n\\begin{tabular}{r|llllll}\n  & PC1 & PC2 & PC3 & PC4 & PC5 & PC6\\\\\n\\hline\n\tPC1 &  1.000000e+00 & -3.921023e-16 & 1.901509e-16 & -2.036930e-16 &  3.431385e-16 &  2.208868e-16\\\\\n\tPC2 & -3.921023e-16 &  1.000000e+00 & 7.417733e-17 & -5.944091e-17 &  1.059240e-18 &  3.006298e-16\\\\\n\tPC3 &  1.901509e-16 &  7.417733e-17 & 1.000000e+00 &  2.761335e-16 &  3.968981e-16 &  7.311325e-16\\\\\n\tPC4 & -2.036930e-16 & -5.944091e-17 & 2.761335e-16 &  1.000000e+00 & -1.185126e-15 & -4.115522e-16\\\\\n\tPC5 &  3.431385e-16 &  1.059240e-18 & 3.968981e-16 & -1.185126e-15 &  1.000000e+00 & -9.905680e-16\\\\\n\tPC6 &  2.208868e-16 &  3.006298e-16 & 7.311325e-16 & -4.115522e-16 & -9.905680e-16 &  1.000000e+00\\\\\n\\end{tabular}\n",
            "text/plain": [
              "    PC1           PC2           PC3          PC4           PC5          \n",
              "PC1  1.000000e+00 -3.921023e-16 1.901509e-16 -2.036930e-16  3.431385e-16\n",
              "PC2 -3.921023e-16  1.000000e+00 7.417733e-17 -5.944091e-17  1.059240e-18\n",
              "PC3  1.901509e-16  7.417733e-17 1.000000e+00  2.761335e-16  3.968981e-16\n",
              "PC4 -2.036930e-16 -5.944091e-17 2.761335e-16  1.000000e+00 -1.185126e-15\n",
              "PC5  3.431385e-16  1.059240e-18 3.968981e-16 -1.185126e-15  1.000000e+00\n",
              "PC6  2.208868e-16  3.006298e-16 7.311325e-16 -4.115522e-16 -9.905680e-16\n",
              "    PC6          \n",
              "PC1  2.208868e-16\n",
              "PC2  3.006298e-16\n",
              "PC3  7.311325e-16\n",
              "PC4 -4.115522e-16\n",
              "PC5 -9.905680e-16\n",
              "PC6  1.000000e+00"
            ]
          },
          "metadata": {}
        }
      ]
    },
    {
      "cell_type": "code",
      "source": [
        "cor(pca_model_variables[ , 4:9], pca_model$x)"
      ],
      "metadata": {
        "colab": {
          "base_uri": "https://localhost:8080/",
          "height": 255
        },
        "id": "IwdVDOUk4tN7",
        "outputId": "a122e89a-d803-4c86-dda9-c43af878e779"
      },
      "execution_count": 405,
      "outputs": [
        {
          "output_type": "display_data",
          "data": {
            "text/html": [
              "<table class=\"dataframe\">\n",
              "<caption>A matrix: 6 × 6 of type dbl</caption>\n",
              "<thead>\n",
              "\t<tr><th></th><th scope=col>PC1</th><th scope=col>PC2</th><th scope=col>PC3</th><th scope=col>PC4</th><th scope=col>PC5</th><th scope=col>PC6</th></tr>\n",
              "</thead>\n",
              "<tbody>\n",
              "\t<tr><th scope=row>ipca_lag</th><td>-0.3757505</td><td> 0.8142065</td><td> 0.147573267</td><td>-0.0367377</td><td>-0.3981606</td><td> 0.11924743</td></tr>\n",
              "\t<tr><th scope=row>inflation_target_wtd_avg</th><td> 0.8397997</td><td> 0.3433346</td><td>-0.005784003</td><td> 0.1402586</td><td> 0.3646514</td><td> 0.15550342</td></tr>\n",
              "\t<tr><th scope=row>primary_fiscal_result_to_gdp_lag</th><td>-0.7747099</td><td>-0.5432530</td><td> 0.120017982</td><td>-0.1515518</td><td> 0.1901085</td><td> 0.17659913</td></tr>\n",
              "\t<tr><th scope=row>selic_deflated_lag</th><td> 0.6869083</td><td>-0.2522749</td><td> 0.243080546</td><td>-0.5996365</td><td>-0.2121858</td><td> 0.02897255</td></tr>\n",
              "\t<tr><th scope=row>real_exchange_rate_gap_lag</th><td>-0.2848441</td><td> 0.4448391</td><td>-0.684059955</td><td>-0.4289609</td><td> 0.2608061</td><td>-0.03188615</td></tr>\n",
              "\t<tr><th scope=row>real_household_income_gap_lag</th><td> 0.2624360</td><td>-0.3934587</td><td>-0.794621154</td><td> 0.1551095</td><td>-0.3373127</td><td> 0.08399987</td></tr>\n",
              "</tbody>\n",
              "</table>\n"
            ],
            "text/markdown": "\nA matrix: 6 × 6 of type dbl\n\n| <!--/--> | PC1 | PC2 | PC3 | PC4 | PC5 | PC6 |\n|---|---|---|---|---|---|---|\n| ipca_lag | -0.3757505 |  0.8142065 |  0.147573267 | -0.0367377 | -0.3981606 |  0.11924743 |\n| inflation_target_wtd_avg |  0.8397997 |  0.3433346 | -0.005784003 |  0.1402586 |  0.3646514 |  0.15550342 |\n| primary_fiscal_result_to_gdp_lag | -0.7747099 | -0.5432530 |  0.120017982 | -0.1515518 |  0.1901085 |  0.17659913 |\n| selic_deflated_lag |  0.6869083 | -0.2522749 |  0.243080546 | -0.5996365 | -0.2121858 |  0.02897255 |\n| real_exchange_rate_gap_lag | -0.2848441 |  0.4448391 | -0.684059955 | -0.4289609 |  0.2608061 | -0.03188615 |\n| real_household_income_gap_lag |  0.2624360 | -0.3934587 | -0.794621154 |  0.1551095 | -0.3373127 |  0.08399987 |\n\n",
            "text/latex": "A matrix: 6 × 6 of type dbl\n\\begin{tabular}{r|llllll}\n  & PC1 & PC2 & PC3 & PC4 & PC5 & PC6\\\\\n\\hline\n\tipca\\_lag & -0.3757505 &  0.8142065 &  0.147573267 & -0.0367377 & -0.3981606 &  0.11924743\\\\\n\tinflation\\_target\\_wtd\\_avg &  0.8397997 &  0.3433346 & -0.005784003 &  0.1402586 &  0.3646514 &  0.15550342\\\\\n\tprimary\\_fiscal\\_result\\_to\\_gdp\\_lag & -0.7747099 & -0.5432530 &  0.120017982 & -0.1515518 &  0.1901085 &  0.17659913\\\\\n\tselic\\_deflated\\_lag &  0.6869083 & -0.2522749 &  0.243080546 & -0.5996365 & -0.2121858 &  0.02897255\\\\\n\treal\\_exchange\\_rate\\_gap\\_lag & -0.2848441 &  0.4448391 & -0.684059955 & -0.4289609 &  0.2608061 & -0.03188615\\\\\n\treal\\_household\\_income\\_gap\\_lag &  0.2624360 & -0.3934587 & -0.794621154 &  0.1551095 & -0.3373127 &  0.08399987\\\\\n\\end{tabular}\n",
            "text/plain": [
              "                                 PC1        PC2        PC3          PC4       \n",
              "ipca_lag                         -0.3757505  0.8142065  0.147573267 -0.0367377\n",
              "inflation_target_wtd_avg          0.8397997  0.3433346 -0.005784003  0.1402586\n",
              "primary_fiscal_result_to_gdp_lag -0.7747099 -0.5432530  0.120017982 -0.1515518\n",
              "selic_deflated_lag                0.6869083 -0.2522749  0.243080546 -0.5996365\n",
              "real_exchange_rate_gap_lag       -0.2848441  0.4448391 -0.684059955 -0.4289609\n",
              "real_household_income_gap_lag     0.2624360 -0.3934587 -0.794621154  0.1551095\n",
              "                                 PC5        PC6        \n",
              "ipca_lag                         -0.3981606  0.11924743\n",
              "inflation_target_wtd_avg          0.3646514  0.15550342\n",
              "primary_fiscal_result_to_gdp_lag  0.1901085  0.17659913\n",
              "selic_deflated_lag               -0.2121858  0.02897255\n",
              "real_exchange_rate_gap_lag        0.2608061 -0.03188615\n",
              "real_household_income_gap_lag    -0.3373127  0.08399987"
            ]
          },
          "metadata": {}
        }
      ]
    },
    {
      "cell_type": "code",
      "source": [
        "# Definir o tamanho da imagem de saída\n",
        "options(repr.plot.width = 18, repr.plot.height = 10)\n",
        "\n",
        "# Visualizar a proporção da variância explicada por cada componente principal\n",
        "fviz_eig(pca_model, addlabels = TRUE)"
      ],
      "metadata": {
        "colab": {
          "base_uri": "https://localhost:8080/",
          "height": 617
        },
        "id": "NBJDhhpu7zYY",
        "outputId": "b25bf18c-d6fb-4bcd-83b5-117e54ca4c20"
      },
      "execution_count": 406,
      "outputs": [
        {
          "output_type": "display_data",
          "data": {
            "text/plain": [
              "plot without title"
            ],
